0 0.5046875 0.56171875 0.41796875 0.5703125
2 0.44921875 0.37734375 0.04921875 0.0578125
1 0.50234375 0.371875 0.1640625 0.08671875
0 0.15546875 0.603125 0.07734375 0.10625
0 0.271875 0.59765625 0.0734375 0.1125
0 0.09140625 0.59375 0.0609375 0.05703125
0 0.2 0.59609375 0.02265625 0.07421875
2 0.1484375 0.57265625 0.01015625 0.01171875
1 0.15703125 0.5734375 0.0296875 0.01484375
1 0.10703125 0.58359375 0.01796875 0.01484375
2 0.2640625 0.55859375 0.0140625 0.01328125
1 0.271875 0.55859375 0.03203125 0.01484375